Shared Memory Size 	Processing time (ms)
10000-
1		84168.762000
2		63584.592000
5		60347.440000
10		63201.134000
20		54359.488000
50		51092.307000
100		48070.020000
200		48578.599000
500		47377.012000
1000		49351.844000
2000		49196.359000
5000		49622.869000
10000		49364.023000

======================================
1000 +-
run 1:

1		23059.186000
10		12463.501000
100		10759.182000
500		10213.610000
1000		10158.826000
2000		10075.843000
5000		10144.222000
10000		10047.399000

run2:

Shared Memory Size 	Processing time (ms)
1		43008.436000
10		20974.094000
100		17969.686000
500		16109.472000
1000		12549.275000
2000		11684.314000
5000		10959.794000
10000		9937.883000


thread
1		22837.217000
10		12287.008000
100		11086.333000
500		10602.025000
1000		10477.430000
2000		10398.369000
5000		10198.155000
10000		10191.784000

thread 2nd run
1		22997.416000
10		12341.805000
100		11131.173000
500		10659.258000
1000		10468.493000
2000		10422.121000
5000		10244.112000
10000		10104.550000

2 thread 1st run
1		27578.025000
10		12481.964000
100		7656.307000
500		6043.719000
1000		3663.112000
2000		3065.266000
5000		2845.326000
10000		2717.563000

2nd run
1		27806.187000
10		16217.301000
100		11001.196000
500		3709.565000
1000		3207.870000
2000		2810.099000
5000		2850.258000
10000		2680.615000

5 thread
1		8236.862000
10		6488.007000
100		3676.987000
500		3827.077000
1000		3147.773000
2000		3475.766000
5000		2901.319000
10000		2839.912000

5 thread
Shared Memory Size     Processing time (ms)
1        42035.593000
10        23322.484000
100        14560.293000
500        15720.748000
1000        11116.378000
2000        12115.239000
5000        11450.943000
10000        10052.699000